r 7 5 Q 2 8 B 7 3 k 4 7 r 6 3 K 1 1: 7 5 8 6
r 7 5 Q 2 8 B 7 3 k 4 7 r 6 3 K 1 1: 7 5 8 7
r 7 5 Q 2 8 B 7 3 k 4 7 r 6 3 K 1 1: 7 5 5 7
r 7 5 Q 2 8 B 7 3 k 4 7 r 6 3 K 1 1: 7 5 4 7
r 7 5 Q 2 8 B 7 3 k 4 7 r 6 3 K 1 1: 7 5 7 3
r 7 5 Q 2 8 B 7 3 k 4 7 r 6 3 K 1 1: 7 5 7 3 7 3 6 2
r 7 5 Q 2 8 B 7 3 k 4 7 r 6 3 K 1 1: 7 5 7 3 4 7 5 7
r 7 5 Q 2 8 B 7 3 k 4 7 r 6 3 K 1 1: 7 5 7 3 2 8 6 3
r 7 5 Q 2 8 B 7 3 k 4 7 r 6 3 K 1 1: 7 5 7 3 2 8 7 3
r 7 5 Q 2 8 B 7 3 k 4 7 r 6 3 K 1 1: 7 5 7 3 2 8 7 3 7 3 7 7
r 7 5 Q 2 8 B 7 3 k 4 7 r 6 3 K 1 1: 7 5 7 3 2 8 7 3 6 3 7 3
r 7 5 Q 2 8 B 7 3 k 4 7 r 6 3 K 1 1: 7 5 7 3 2 8 7 3 6 3 7 3 4 7 5 7
r 7 5 Q 2 8 B 7 3 k 4 7 r 6 3 K 1 1: 7 5 7 3 2 8 7 3 6 3 7 3 1 1 1 2
q 1 2 B 6 7 k 2 4 b 8 3 R 5 5 b 7 7 B 8 8 K 5 8: 1 2 2 4
q 1 2 B 6 7 k 2 4 b 8 3 R 5 5 b 7 7 B 8 8 K 5 8: 6 7 4 5
q 1 2 B 6 7 k 2 4 b 8 3 R 5 5 b 7 7 B 8 8 K 5 8: 7 7 6 7
q 1 2 B 6 7 k 2 4 b 8 3 R 5 5 b 7 7 B 8 8 K 5 8: 7 7 8 7
q 1 2 B 6 7 k 2 4 b 8 3 R 5 5 b 7 7 B 8 8 K 5 8: 7 7 7 8
q 1 2 B 6 7 k 2 4 b 8 3 R 5 5 b 7 7 B 8 8 K 5 8: 7 7 1 8
q 1 2 B 6 7 k 2 4 b 8 3 R 5 5 b 7 7 B 8 8 K 5 8: 7 7 6 5
q 1 2 B 6 7 k 2 4 b 8 3 R 5 5 b 7 7 B 8 8 K 5 8: 7 7 5 5 5 5 5 1
q 1 2 B 6 7 k 2 4 b 8 3 R 5 5 b 7 7 B 8 8 K 5 8: 7 7 5 5 5 5 3 3
q 1 2 B 6 7 k 2 4 b 8 3 R 5 5 b 7 7 B 8 8 K 5 8: 7 7 5 5 8 8 5 5
q 1 2 B 6 7 k 2 4 b 8 3 R 5 5 b 7 7 B 8 8 K 5 8: 7 7 5 5 8 8 5 5 2 4 2 5
q 1 2 B 6 7 k 2 4 b 8 3 R 5 5 b 7 7 B 8 8 K 5 8: 7 7 5 5 8 8 5 5 2 4 2 5 6 7 5 8
q 1 2 B 6 7 k 2 4 b 8 3 R 5 5 b 7 7 B 8 8 K 5 8: 7 7 5 5 8 8 5 5 2 4 2 5 6 7 4 8
q 1 2 B 6 7 k 2 4 b 8 3 R 5 5 b 7 7 B 8 8 K 5 8: 7 7 5 5 8 8 5 5 2 4 2 5 6 7 8 6
q 1 2 B 6 7 k 2 4 b 8 3 R 5 5 b 7 7 B 8 8 K 5 8: 7 7 5 5 8 8 5 5 2 4 2 5 6 7 8 5
q 1 2 B 6 7 k 2 4 b 8 3 R 5 5 b 7 7 B 8 8 K 5 8: 7 7 5 5 8 8 5 5 2 4 2 5 6 7 8 5 5 5 3 7
q 1 2 B 6 7 k 2 4 b 8 3 R 5 5 b 7 7 B 8 8 K 5 8: 7 7 5 5 8 8 5 5 2 4 2 5 6 7 8 5 5 5 3 7
q 1 2 B 6 7 k 2 4 b 8 3 R 5 5 b 7 7 B 8 8 K 5 8: 7 7 5 5 8 8 5 5 2 4 2 5 6 7 8 5 8 3 1 4
q 1 2 B 6 7 k 2 4 b 8 3 R 5 5 b 7 7 B 8 8 K 5 8: 7 7 5 5 8 8 5 5 2 4 2 5 6 7 8 5 8 3 7 2
q 1 2 B 6 7 k 2 4 b 8 3 R 5 5 b 7 7 B 8 8 K 5 8: 7 7 5 5 8 8 5 5 2 4 2 5 6 7 8 5 8 3 6 1
q 1 2 B 6 7 k 2 4 b 8 3 R 5 5 b 7 7 B 8 8 K 5 8: 7 7 5 5 8 8 5 5 2 4 2 5 6 7 8 5 8 3 6 5
q 1 2 B 6 7 k 2 4 b 8 3 R 5 5 b 7 7 B 8 8 K 5 8: 7 7 5 5 8 8 5 5 2 4 2 5 6 7 8 5 8 3 4 7
