empty
enqueued 76
enqueued 701
76
701
701
empty
empty
enqueued 60
60
60
60
empty
enqueued 622
enqueued 208
622
enqueued 584
enqueued 543
208
enqueued 962
enqueued 331
584  543  962  331
584
543
962
331

enqueued 777
enqueued 344
enqueued 299
777  344  299
777
344
enqueued 684
299
684
enqueued 887
887
887
887

enqueued 820
820

empty
enqueued 29
29


empty
enqueued 226
226
226
226
226

enqueued 234
234
234

empty
enqueued 815
815
815
815
815

enqueued 515
515
enqueued 189
enqueued 280
enqueued 154
515  189  280  154
515  189  280  154
enqueued 402
515
189
enqueued 67
280  154  402  67
280
enqueued 626
154
402  67  626
402  67  626
402  67  626
402
enqueued 642
enqueued 317
enqueued 857
enqueued 958
67
626  642  317  857  958
enqueued 370
626
enqueued 420
642  317  857  958  370  420
642  317  857  958  370  420
642
enqueued 317
317
enqueued 617
857
958  370  420  317  617
958  370  420  317  617
958
enqueued 346
370
420
317  617  346
317  617  346
317
617  346
617  346
617
346
enqueued 462
462

empty


empty
enqueued 40
40
40
enqueued 75
enqueued 737
enqueued 652
enqueued 581
75  737  652  581
enqueued 961
enqueued 830
75
enqueued 451
enqueued 888
737  652  581  961  830  451  888
737  652  581  961  830  451  888
enqueued 563
enqueued 221
737  652  581  961  830  451  888  563  221
737  652  581  961  830  451  888  563  221
737
652
581  961  830  451  888  563  221
581  961  830  451  888  563  221
581  961  830  451  888  563  221
enqueued 919
581
961
830  451  888  563  221  919
830  451  888  563  221  919
830
451
888
enqueued 408
563  221  919  408
enqueued 698
enqueued 112
enqueued 868
563  221  919  408  698  112  868
563  221  919  408  698  112  868
enqueued 48
563  221  919  408  698  112  868  48
563  221  919  408  698  112  868  48
563
enqueued 429
221  919  408  698  112  868  48  429
221
919  408  698  112  868  48  429
919  408  698  112  868  48  429
919
408
698
112
868  48  429
868
enqueued 926
enqueued 740
48
429
926  740
926
enqueued 618
enqueued 664
enqueued 455
enqueued 808
740
618  664  455  808
enqueued 679
618
664
enqueued 691
455  808  679  691
enqueued 510
enqueued 35
455  808  679  691  510  35
enqueued 427
455  808  679  691  510  35  427
455  808  679  691  510  35  427
enqueued 285
enqueued 188
455
enqueued 819
808  679  691  510  35  427  285  188  819
808  679  691  510  35  427  285  188  819
808  679  691  510  35  427  285  188  819
808
679
enqueued 354
691  510  35  427  285  188  819  354
enqueued 342
691  510  35  427  285  188  819  354  342
691  510  35  427  285  188  819  354  342
enqueued 147
691
510  35  427  285  188  819  354  342  147
enqueued 97
510
35  427  285  188  819  354  342  147  97
enqueued 705
35  427  285  188  819  354  342  147  97  705
enqueued 88
35  427  285  188  819  354  342  147  97  705  88
35
enqueued 902
427  285  188  819  354  342  147  97  705  88  902
enqueued 3
enqueued 890
enqueued 733
427  285  188  819  354  342  147  97  705  88  902  3  890  733
427  285  188  819  354  342  147  97  705  88  902  3  890  733
427  285  188  819  354  342  147  97  705  88  902  3  890  733
enqueued 208
427  285  188  819  354  342  147  97  705  88  902  3  890  733  208
427  285  188  819  354  342  147  97  705  88  902  3  890  733  208
427  285  188  819  354  342  147  97  705  88  902  3  890  733  208
427
285  188  819  354  342  147  97  705  88  902  3  890  733  208
285  188  819  354  342  147  97  705  88  902  3  890  733  208
285
enqueued 520
188  819  354  342  147  97  705  88  902  3  890  733  208  520
188  819  354  342  147  97  705  88  902  3  890  733  208  520
188
enqueued 767
819  354  342  147  97  705  88  902  3  890  733  208  520  767
819
354
342
147  97  705  88  902  3  890  733  208  520  767
147
97  705  88  902  3  890  733  208  520  767
97  705  88  902  3  890  733  208  520  767
97  705  88  902  3  890  733  208  520  767
97
705
88  902  3  890  733  208  520  767
88  902  3  890  733  208  520  767
88  902  3  890  733  208  520  767
88  902  3  890  733  208  520  767
enqueued 240
88
enqueued 387
enqueued 968
902
enqueued 494
3
890  733  208  520  767  240  387  968  494
890
733
208  520  767  240  387  968  494
208
520  767  240  387  968  494
520
767  240  387  968  494
767
240
enqueued 127
387
968
494
127


empty
empty
enqueued 255
255
enqueued 454
enqueued 676
255
454  676
454
enqueued 506
enqueued 735
676
506  735
enqueued 509
enqueued 373
506  735  509  373
